 0.00000000000000E+00 -1.20411998265592E+01
 6.28318530717959E-03 -1.21188718956376E+01
 1.25663706143592E-02 -1.21975901263539E+01
 1.88495559215388E-02 -1.22773729439533E+01
 2.51327412287183E-02 -1.23582393632791E+01
 3.14159265358979E-02 -1.24402090134962E+01
 3.76991118430775E-02 -1.25233021641369E+01
 4.39822971502571E-02 -1.26075397525540E+01
 5.02654824574367E-02 -1.26929434128745E+01
 5.65486677646163E-02 -1.27795355065522E+01
 6.28318530717959E-02 -1.28673391546262E+01
 6.91150383789755E-02 -1.29563782718023E+01
 7.53982236861550E-02 -1.30466776024792E+01
 8.16814089933346E-02 -1.31382627588574E+01
 8.79645943005142E-02 -1.32311602612740E+01
 9.42477796076938E-02 -1.33253975809227E+01
 1.00530964914873E-01 -1.34210031851300E+01
 1.06814150222053E-01 -1.35180065853721E+01
 1.13097335529233E-01 -1.36164383882349E+01
 1.19380520836412E-01 -1.37163303495365E+01
 1.25663706143592E-01 -1.38177154318486E+01
 1.31946891450771E-01 -1.39206278656783E+01
 1.38230076757951E-01 -1.40251032145914E+01
 1.44513262065130E-01 -1.41311784445867E+01
 1.50796447372310E-01 -1.42388919980590E+01
 1.57079632679490E-01 -1.43482838727177E+01
 1.63362817986669E-01 -1.44593957058674E+01
 1.69646003293849E-01 -1.45722708644912E+01
 1.75929188601028E-01 -1.46869545416243E+01
 1.82212373908208E-01 -1.48034938595506E+01
 1.88495559215388E-01 -1.49219379804122E+01
 1.94778744522567E-01 -1.50423382248784E+01
 2.01061929829747E-01 -1.51647481995890E+01
 2.07345115136926E-01 -1.52892239341637E+01
 2.13628300444106E-01 -1.54158240286499E+01
 2.19911485751286E-01 -1.55446098123795E+01
 2.26194671058465E-01 -1.56756455153104E+01
 2.32477856365645E-01 -1.58089984530476E+01
 2.38761041672824E-01 -1.59447392268772E+01
 2.45044226980004E-01 -1.60829419402971E+01
 2.51327412287183E-01 -1.62236844337069E+01
 2.57610597594363E-01 -1.63670485391125E+01
 2.63893782901543E-01 -1.65131203569320E+01
 2.70176968208722E-01 -1.66619905572417E+01
 2.76460153515902E-01 -1.68137547081008E+01
 2.82743338823081E-01 -1.69685136339279E+01
 2.89026524130261E-01 -1.71263738072915E+01
 2.95309709437441E-01 -1.72874477779232E+01
 3.01592894744620E-01 -1.74518546432821E+01
 3.07876080051800E-01 -1.76197205655915E+01
 3.14159265358979E-01 -1.77911793409693E+01
 3.20442450666159E-01 -1.79663730270776E+01
 3.26725635973338E-01 -1.81454526366656E+01
 3.33008821280518E-01 -1.83285789054847E+01
 3.39292006587698E-01 -1.85159231443553E+01
 3.45575191894877E-01 -1.87076681867004E+01
 3.51858377202057E-01 -1.89040094446761E+01
 3.58141562509236E-01 -1.91051560891853E+01
 3.64424747816416E-01 -1.93113323716320E+01
 3.70707933123596E-01 -1.95227791083494E+01
 3.76991118430775E-01 -1.97397553523368E+01
 3.83274303737955E-01 -1.99625402814005E+01
 3.89557489045134E-01 -2.01914353372120E+01
 3.95840674352314E-01 -2.04267666563896E+01
 4.02123859659494E-01 -2.06688878427926E+01
 4.08407044966673E-01 -2.09181831401576E+01
 4.14690230273853E-01 -2.11750710765224E+01
 4.20973415581032E-01 -2.14400086672130E+01
 4.27256600888212E-01 -2.17134962823800E+01
 4.33539786195391E-01 -2.19960833093036E+01
 4.39822971502571E-01 -2.22883747704607E+01
 4.46106156809751E-01 -2.25910390977333E+01
 4.52389342116930E-01 -2.29048173139214E+01
 4.58672527424110E-01 -2.32305339387897E+01
 4.64955712731289E-01 -2.35691100235641E+01
 4.71238898038469E-01 -2.39215788326683E+01
 4.77522083345649E-01 -2.42891048452858E+01
 4.83805268652828E-01 -2.46730069575458E+01
 4.90088453960008E-01 -2.50747870514333E+01
 4.96371639267187E-01 -2.54961654925831E+01
 5.02654824574367E-01 -2.59391256767961E+01
 5.08938009881546E-01 -2.64059705425914E+01
 5.15221195188726E-01 -2.68993951270386E+01
 5.21504380495906E-01 -2.74225809610098E+01
 5.27787565803085E-01 -2.79793207004528E+01
 5.34070751110265E-01 -2.85741854159830E+01
 5.40353936417444E-01 -2.92127533578624E+01
 5.46637121724624E-01 -2.99019294711203E+01
 5.52920307031804E-01 -3.06504026126769E+01
 5.59203492338983E-01 -3.14693184597484E+01
 5.65486677646163E-01 -3.23733030527303E+01
 5.71769862953342E-01 -3.33820819989111E+01
 5.78053048260522E-01 -3.45231667807597E+01
 5.84336233567702E-01 -3.58365820187489E+01
 5.90619418874881E-01 -3.73838335757702E+01
 5.96902604182061E-01 -3.92667024741105E+01
 6.03185789489240E-01 -4.16725119599303E+01
 6.09468974796420E-01 -4.50089126674349E+01
 6.15752160103599E-01 -5.04909469128959E+01
 6.22035345410779E-01 -6.88459556435308E+01
 6.28318530717959E-01 -5.29015829264690E+01
 6.34601716025138E-01 -4.62181542211532E+01
 6.40884901332318E-01 -4.24886980326125E+01
 6.47168086639497E-01 -3.98899206458572E+01
 6.53451271946677E-01 -3.78939248851710E+01
 6.59734457253857E-01 -3.62734276430767E+01
 6.66017642561036E-01 -3.49095448255448E+01
 6.72300827868216E-01 -3.37322250847957E+01
 6.78584013175395E-01 -3.26966983719050E+01
 6.84867198482575E-01 -3.17726067913482E+01
 6.91150383789755E-01 -3.09384137850825E+01
 6.97433569096934E-01 -3.01782862336720E+01
 7.03716754404114E-01 -2.94802429281711E+01
 7.09999939711293E-01 -2.88349982999793E+01
 7.16283125018473E-01 -2.82352098894820E+01
 7.22566310325652E-01 -2.76749713710782E+01
 7.28849495632832E-01 -2.71494608451374E+01
 7.35132680940012E-01 -2.66546906128647E+01
 7.41415866247191E-01 -2.61873252044499E+01
 7.47699051554371E-01 -2.57445464707995E+01
 7.53982236861550E-01 -2.53239518479268E+01
 7.60265422168730E-01 -2.49234764628966E+01
 7.66548607475910E-01 -2.45413326757701E+01
 7.72831792783089E-01 -2.41759625740550E+01
 7.79114978090269E-01 -2.38260002261065E+01
 7.85398163397448E-01 -2.34902413824122E+01
 7.91681348704628E-01 -2.31676189280326E+01
 7.97964534011807E-01 -2.28571828239831E+01
 8.04247719318987E-01 -2.25580835871594E+01
 8.10530904626167E-01 -2.22695585851848E+01
 8.16814089933346E-01 -2.19909205895224E+01
 8.23097275240526E-01 -2.17215481545369E+01
 8.29380460547705E-01 -2.14608774837658E+01
 8.35663645854885E-01 -2.12083955157814E+01
 8.41946831162065E-01 -2.09636340165772E+01
 8.48230016469244E-01 -2.07261645076119E+01
 8.54513201776424E-01 -2.04955938915579E+01
 8.60796387083603E-01 -2.02715606636587E+01
 8.67079572390783E-01 -2.00537316170649E+01
 8.73362757697963E-01 -1.98417989668227E+01
 8.79645943005142E-01 -1.96354778302547E+01
 8.85929128312322E-01 -1.94345040120174E+01
 8.92212313619501E-01 -1.92386320506684E+01
 8.98495498926681E-01 -1.90476334905440E+01
 9.04778684233860E-01 -1.88612953484673E+01
 9.11061869541040E-01 -1.86794187495075E+01
 9.17345054848220E-01 -1.85018177099063E+01
 9.23628240155399E-01 -1.83283180485244E+01
 9.29911425462579E-01 -1.81587564108574E+01
 9.36194610769758E-01 -1.79929793919355E+01
 9.42477796076938E-01 -1.78308427463252E+01
 9.48760981384118E-01 -1.76722106750521E+01
 9.55044166691297E-01 -1.75169551806333E+01
 9.61327351998477E-01 -1.73649554825552E+01
 9.67610537305656E-01 -1.72160974865282E+01
 9.73893722612836E-01 -1.70702733016851E+01
 9.80176907920016E-01 -1.69273808006222E+01
 9.86460093227195E-01 -1.67873232177977E+01
 9.92743278534375E-01 -1.66500087823460E+01
 9.99026463841554E-01 -1.65153503818278E+01
 1.00530964914873E+00 -1.63832652538399E+01
 1.01159283445591E+00 -1.62536747027616E+01
 1.01787601976309E+00 -1.61265038392180E+01
 1.02415920507027E+00 -1.60016813401089E+01
 1.03044239037745E+00 -1.58791392272866E+01
 1.03672557568463E+00 -1.57588126631694E+01
 1.04300876099181E+00 -1.56406397617609E+01
 1.04929194629899E+00 -1.55245614137010E+01
 1.05557513160617E+00 -1.54105211241192E+01
 1.06185831691335E+00 -1.52984648621806E+01
 1.06814150222053E+00 -1.51883409213289E+01
 1.07442468752771E+00 -1.50800997893262E+01
 1.08070787283489E+00 -1.49736940272778E+01
 1.08699105814207E+00 -1.48690781569069E+01
 1.09327424344925E+00 -1.47662085554136E+01
 1.09955742875643E+00 -1.46650433573146E+01
 1.10584061406361E+00 -1.45655423627142E+01
 1.11212379937079E+00 -1.44676669515095E+01
 1.11840698467797E+00 -1.43713800030741E+01
 1.12469016998515E+00 -1.42766458210066E+01
 1.13097335529233E+00 -1.41834300625658E+01
 1.13725654059951E+00 -1.40916996724471E+01
 1.14353972590668E+00 -1.40014228205842E+01
 1.14982291121386E+00 -1.39125688436853E+01
 1.15610609652104E+00 -1.38251081902399E+01
 1.16238928182822E+00 -1.37390123687512E+01
 1.16867246713540E+00 -1.36542538989700E+01
 1.17495565244258E+00 -1.35708062659249E+01
 1.18123883774976E+00 -1.34886438765586E+01
 1.18752202305694E+00 -1.34077420187947E+01
 1.19380520836412E+00 -1.33280768228749E+01
 1.20008839367130E+00 -1.32496252248166E+01
 1.20637157897848E+00 -1.31723649318541E+01
 1.21265476428566E+00 -1.30962743897350E+01
 1.21893794959284E+00 -1.30213327517549E+01
 1.22522113490002E+00 -1.29475198494207E+01
 1.23150432020720E+00 -1.28748161646407E+01
 1.23778750551438E+00 -1.28032028033487E+01
 1.24407069082156E+00 -1.27326614704736E+01
 1.25035387612874E+00 -1.26631744461740E+01
 1.25663706143592E+00 -1.25947245632617E+01
 1.26292024674310E+00 -1.25272951857446E+01
 1.26920343205028E+00 -1.24608701884231E+01
 1.27548661735746E+00 -1.23954339374786E+01
 1.28176980266464E+00 -1.23309712719976E+01
 1.28805298797182E+00 -1.22674674863783E+01
 1.29433617327899E+00 -1.22049083135700E+01
 1.30061935858617E+00 -1.21432799090982E+01
 1.30690254389335E+00 -1.20825688358333E+01
 1.31318572920053E+00 -1.20227620494607E+01
 1.31946891450771E+00 -1.19638468846157E+01
 1.32575209981489E+00 -1.19058110416466E+01
 1.33203528512207E+00 -1.18486425739728E+01
 1.33831847042925E+00 -1.17923298760070E+01
 1.34460165573643E+00 -1.17368616716107E+01
 1.35088484104361E+00 -1.16822270030575E+01
 1.35716802635079E+00 -1.16284152204762E+01
 1.36345121165797E+00 -1.15754159717503E+01
 1.36973439696515E+00 -1.15232191928503E+01
 1.37601758227233E+00 -1.14718150985784E+01
 1.38230076757951E+00 -1.14211941737036E+01
 1.38858395288669E+00 -1.13713471644689E+01
 1.39486713819387E+00 -1.13222650704527E+01
 1.40115032350105E+00 -1.12739391367667E+01
 1.40743350880823E+00 -1.12263608465747E+01
 1.41371669411541E+00 -1.11795219139170E+01
 1.41999987942259E+00 -1.11334142768253E+01
 1.42628306472977E+00 -1.10880300907164E+01
 1.43256625003695E+00 -1.10433617220498E+01
 1.43884943534413E+00 -1.09994017422380E+01
 1.44513262065130E+00 -1.09561429217986E+01
 1.45141580595848E+00 -1.09135782247364E+01
 1.45769899126566E+00 -1.08717008031455E+01
 1.46398217657284E+00 -1.08305039920219E+01
 1.47026536188002E+00 -1.07899813042777E+01
 1.47654854718720E+00 -1.07501264259468E+01
 1.48283173249438E+00 -1.07109332115759E+01
 1.48911491780156E+00 -1.06723956797906E+01
 1.49539810310874E+00 -1.06345080090315E+01
 1.50168128841592E+00 -1.05972645334514E+01
 1.50796447372310E+00 -1.05606597389675E+01
 1.51424765903028E+00 -1.05246882594631E+01
 1.52053084433746E+00 -1.04893448731307E+01
 1.52681402964464E+00 -1.04546244989533E+01
 1.53309721495182E+00 -1.04205221933160E+01
 1.53938040025900E+00 -1.03870331467448E+01
 1.54566358556618E+00 -1.03541526807658E+01
 1.55194677087336E+00 -1.03218762448814E+01
 1.55822995618054E+00 -1.02901994136588E+01
 1.56451314148772E+00 -1.02591178839261E+01
 1.57079632679490E+00 -1.02286274720719E+01
 1.57707951210208E+00 -1.01987241114450E+01
 1.58336269740926E+00 -1.01694038498512E+01
 1.58964588271644E+00 -1.01406628471411E+01
 1.59592906802361E+00 -1.01124973728890E+01
 1.60221225333079E+00 -1.00849038041570E+01
 1.60849543863797E+00 -1.00578786233427E+01
 1.61477862394515E+00 -1.00314184161073E+01
 1.62106180925233E+00 -1.00055198693809E+01
 1.62734499455951E+00 -9.98017976944305E+00
 1.63362817986669E+00 -9.95539500007584E+00
 1.63991136517387E+00 -9.93116254078680E+00
 1.64619455048105E+00 -9.90747946509978E+00
 1.65247773578823E+00 -9.88434293891142E+00
 1.65876092109541E+00 -9.86175021891128E+00
 1.66504410640259E+00 -9.83969865106354E+00
 1.67132729170977E+00 -9.81818566914850E+00
 1.67761047701695E+00 -9.79720879336207E+00
 1.68389366232413E+00 -9.77676562897151E+00
 1.69017684763131E+00 -9.75685386502586E+00
 1.69646003293849E+00 -9.73747127311960E+00
 1.70274321824567E+00 -9.71861570620780E+00
 1.70902640355285E+00 -9.70028509747177E+00
 1.71530958886003E+00 -9.68247745923348E+00
 1.72159277416721E+00 -9.66519088191787E+00
 1.72787595947439E+00 -9.64842353306153E+00
 1.73415914478157E+00 -9.63217365636685E+00
 1.74044233008875E+00 -9.61643957080048E+00
 1.74672551539593E+00 -9.60121966973505E+00
 1.75300870070310E+00 -9.58651242013325E+00
 1.75929188601028E+00 -9.57231636177337E+00
 1.76557507131746E+00 -9.55863010651531E+00
 1.77185825662464E+00 -9.54545233760648E+00
 1.77814144193182E+00 -9.53278180902663E+00
 1.78442462723900E+00 -9.52061734487093E+00
 1.79070781254618E+00 -9.50895783877075E+00
 1.79699099785336E+00 -9.49780225335138E+00
 1.80327418316054E+00 -9.48714961972614E+00
 1.80955736846772E+00 -9.47699903702641E+00
 1.81584055377490E+00 -9.46734967196699E+00
 1.82212373908208E+00 -9.45820075844629E+00
 1.82840692438926E+00 -9.44955159718116E+00
 1.83469010969644E+00 -9.44140155537561E+00
 1.84097329500362E+00 -9.43375006642345E+00
 1.84725648031080E+00 -9.42659662964422E+00
 1.85353966561798E+00 -9.41994081005232E+00
 1.85982285092516E+00 -9.41378223815910E+00
 1.86610603623234E+00 -9.40812060980753E+00
 1.87238922153952E+00 -9.40295568603955E+00
 1.87867240684670E+00 -9.39828729299566E+00
 1.88495559215388E+00 -9.39411532184691E+00
 1.89123877746106E+00 -9.39043972875905E+00
 1.89752196276824E+00 -9.38726053488891E+00
 1.90380514807541E+00 -9.38457782641288E+00
 1.91008833338259E+00 -9.38239175458772E+00
 1.91637151868977E+00 -9.38070253584350E+00
 1.92265470399695E+00 -9.37951045190905E+00
 1.92893788930413E+00 -9.37881584996985E+00
 1.93522107461131E+00 -9.37861914285858E+00
 1.94150425991849E+00 -9.37892080927860E+00
 1.94778744522567E+00 -9.37972139406047E+00
 1.95407063053285E+00 -9.38102150845197E+00
 1.96035381584003E+00 -9.38282183044164E+00
 1.96663700114721E+00 -9.38512310511654E+00
 1.97292018645439E+00 -9.38792614505429E+00
 1.97920337176157E+00 -9.39123183075002E+00
 1.98548655706875E+00 -9.39504111107856E+00
 1.99176974237593E+00 -9.39935500379247E+00
 1.99805292768311E+00 -9.40417459605636E+00
 2.00433611299029E+00 -9.40950104501813E+00
 2.01061929829747E+00 -9.41533557841770E+00
 2.01690248360465E+00 -9.42167949523399E+00
 2.02318566891183E+00 -9.42853416637073E+00
 2.02946885421901E+00 -9.43590103538194E+00
 2.03575203952619E+00 -9.44378161923791E+00
 2.04203522483337E+00 -9.45217750913239E+00
 2.04831841014055E+00 -9.46109037133206E+00
 2.05460159544772E+00 -9.47052194806911E+00
 2.06088478075490E+00 -9.48047405847804E+00
 2.06716796606208E+00 -9.49094859957761E+00
 2.07345115136926E+00 -9.50194754729922E+00
 2.07973433667644E+00 -9.51347295756278E+00
 2.08601752198362E+00 -9.52552696740140E+00
 2.09230070729080E+00 -9.53811179613612E+00
 2.09858389259798E+00 -9.55122974660217E+00
 2.10486707790516E+00 -9.56488320642812E+00
 2.11115026321234E+00 -9.57907464936954E+00
 2.11743344851952E+00 -9.59380663669861E+00
 2.12371663382670E+00 -9.60908181865156E+00
 2.12999981913388E+00 -9.62490293593563E+00
 2.13628300444106E+00 -9.64127282129728E+00
 2.14256618974824E+00 -9.65819440115382E+00
 2.14884937505542E+00 -9.67567069729039E+00
 2.15513256036260E+00 -9.69370482862433E+00
 2.16141574566978E+00 -9.71230001303947E+00
 2.16769893097696E+00 -9.73145956929239E+00
 2.17398211628414E+00 -9.75118691899335E+00
 2.18026530159132E+00 -9.77148558866445E+00
 2.18654848689850E+00 -9.79235921187757E+00
 2.19283167220568E+00 -9.81381153147531E+00
 2.19911485751286E+00 -9.83584640187752E+00
 2.20539804282003E+00 -9.85846779147696E+00
 2.21168122812721E+00 -9.88167978512708E+00
 2.21796441343439E+00 -9.90548658672565E+00
 2.22424759874157E+00 -9.92989252189770E+00
 2.23053078404875E+00 -9.95490204078174E+00
 2.23681396935593E+00 -9.98051972092325E+00
 2.24309715466311E+00 -1.00067502702795E+01
 2.24938033997029E+00 -1.00335985303407E+01
 2.25566352527747E+00 -1.00610694793709E+01
 2.26194671058465E+00 -1.00891682357758E+01
 2.26822989589183E+00 -1.01179000615996E+01
 2.27451308119901E+00 -1.01472703661593E+01
 2.28079626650619E+00 -1.01772847098199E+01
 2.28707945181337E+00 -1.02079488079181E+01
 2.29336263712055E+00 -1.02392685348400E+01
 2.29964582242773E+00 -1.02712499282590E+01
 2.30592900773491E+00 -1.03038991935425E+01
 2.31221219304209E+00 -1.03372227083333E+01
 2.31849537834927E+00 -1.03712270273139E+01
 2.32477856365645E+00 -1.04059188871627E+01
 2.33106174896363E+00 -1.04413052117096E+01
 2.33734493427081E+00 -1.04773931173006E+01
 2.34362811957799E+00 -1.05141899183814E+01
 2.34991130488517E+00 -1.05517031333101E+01
 2.35619449019234E+00 -1.05899404904091E+01
 2.36247767549952E+00 -1.06289099342681E+01
 2.36876086080670E+00 -1.06686196323108E+01
 2.37504404611388E+00 -1.07090779816365E+01
 2.38132723142106E+00 -1.07502936161519E+01
 2.38761041672824E+00 -1.07922754140051E+01
 2.39389360203542E+00 -1.08350325053399E+01
 2.40017678734260E+00 -1.08785742803827E+01
 2.40645997264978E+00 -1.09229103978826E+01
 2.41274315795696E+00 -1.09680507939195E+01
 2.41902634326414E+00 -1.10140056911018E+01
 2.42530952857132E+00 -1.10607856081717E+01
 2.43159271387850E+00 -1.11084013700414E+01
 2.43787589918568E+00 -1.11568641182817E+01
 2.44415908449286E+00 -1.12061853220881E+01
 2.45044226980004E+00 -1.12563767897495E+01
 2.45672545510722E+00 -1.13074506806473E+01
 2.46300864041440E+00 -1.13594195178142E+01
 2.46929182572158E+00 -1.14122962010829E+01
 2.47557501102876E+00 -1.14660940208598E+01
 2.48185819633594E+00 -1.15208266725563E+01
 2.48814138164312E+00 -1.15765082717182E+01
 2.49442456695030E+00 -1.16331533698913E+01
 2.50070775225748E+00 -1.16907769712674E+01
 2.50699093756465E+00 -1.17493945501564E+01
 2.51327412287183E+00 -1.18090220693338E+01
 2.51955730817901E+00 -1.18696759993155E+01
 2.52584049348619E+00 -1.19313733386183E+01
 2.53212367879337E+00 -1.19941316350635E+01
 2.53840686410055E+00 -1.20579690081913E+01
 2.54469004940773E+00 -1.21229041728547E+01
 2.55097323471491E+00 -1.21889564640662E+01
 2.55725642002209E+00 -1.22561458631801E+01
 2.56353960532927E+00 -1.23244930254949E+01
 2.56982279063645E+00 -1.23940193093704E+01
 2.57610597594363E+00 -1.24647468069581E+01
 2.58238916125081E+00 -1.25366983766545E+01
 2.58867234655799E+00 -1.26098976773933E+01
 2.59495553186517E+00 -1.26843692049024E+01
 2.60123871717235E+00 -1.27601383300624E+01
 2.60752190247953E+00 -1.28372313395133E+01
 2.61380508778671E+00 -1.29156754786696E+01
 2.62008827309389E+00 -1.29954989973165E+01
 2.62637145840107E+00 -1.30767311979745E+01
 2.63265464370825E+00 -1.31594024872371E+01
 2.63893782901543E+00 -1.32435444303016E+01
 2.64522101432261E+00 -1.33291898089355E+01
 2.65150419962979E+00 -1.34163726831402E+01
 2.65778738493697E+00 -1.35051284567980E+01
 2.66407057024414E+00 -1.35954939476152E+01
 2.67035375555132E+00 -1.36875074617024E+01
 2.67663694085850E+00 -1.37812088731661E+01
 2.68292012616568E+00 -1.38766397091189E+01
 2.68920331147286E+00 -1.39738432405589E+01
 2.69548649678004E+00 -1.40728645796091E+01
 2.70176968208722E+00 -1.41737507836592E+01
 2.70805286739440E+00 -1.42765509670044E+01
 2.71433605270158E+00 -1.43813164206394E+01
 2.72061923800876E+00 -1.44881007409309E+01
 2.72690242331594E+00 -1.45969599679716E+01
 2.73318560862312E+00 -1.47079527345000E+01
 2.73946879393030E+00 -1.48211404263718E+01
 2.74575197923748E+00 -1.49365873556725E+01
 2.75203516454466E+00 -1.50543609476846E+01
 2.75831834985184E+00 -1.51745319430636E+01
 2.76460153515902E+00 -1.52971746167283E+01
 2.77088472046620E+00 -1.54223670151527E+01
 2.77716790577338E+00 -1.55501912139471E+01
 2.78345109108056E+00 -1.56807335978452E+01
 2.78973427638774E+00 -1.58140851654773E+01
 2.79601746169492E+00 -1.59503418616089E+01
 2.80230064700210E+00 -1.60896049398706E+01
 2.80858383230928E+00 -1.62319813593971E+01
 2.81486701761645E+00 -1.63775842192537E+01
 2.82115020292363E+00 -1.65265332350510E+01
 2.82743338823081E+00 -1.66789552627642E+01
 2.83371657353799E+00 -1.68349848754773E+01
 2.83999975884517E+00 -1.69947649996027E+01
 2.84628294415235E+00 -1.71584476180900E+01
 2.85256612945953E+00 -1.73261945492699E+01
 2.85884931476671E+00 -1.74981783113105E+01
 2.86513250007389E+00 -1.76745830838298E+01
 2.87141568538107E+00 -1.78556057800730E+01
 2.87769887068825E+00 -1.80414572452646E+01
 2.88398205599543E+00 -1.82323635993855E+01
 2.89026524130261E+00 -1.84285677457773E+01
 2.89654842660979E+00 -1.86303310707719E+01
 2.90283161191697E+00 -1.88379353641276E+01
 2.90911479722415E+00 -1.90516849956131E+01
 2.91539798253133E+00 -1.92719093898645E+01
 2.92168116783851E+00 -1.94989658499480E+01
 2.92796435314569E+00 -1.97332427903007E+01
 2.93424753845287E+00 -1.99751634524052E+01
 2.94053072376005E+00 -2.02251901923639E+01
 2.94681390906723E+00 -2.04838294493654E+01
 2.95309709437441E+00 -2.07516375290636E+01
 2.95938027968159E+00 -2.10292273677179E+01
 2.96566346498876E+00 -2.13172764837039E+01
 2.97194665029594E+00 -2.16165363756383E+01
 2.97822983560312E+00 -2.19278436948986E+01
 2.98451302091030E+00 -2.22521336103801E+01
 2.99079620621748E+00 -2.25904559028300E+01
 2.99707939152466E+00 -2.29439944863302E+01
 3.00336257683184E+00 -2.33140912717693E+01
 3.00964576213902E+00 -2.37022755853731E+01
 3.01592894744620E+00 -2.41103007701476E+01
 3.02221213275338E+00 -2.45401901833242E+01
 3.02849531806056E+00 -2.49942956416699E+01
 3.03477850336774E+00 -2.54753725895089E+01
 3.04106168867492E+00 -2.59866780815915E+01
 3.04734487398210E+00 -2.65321004305507E+01
 3.05362805928928E+00 -2.71163336520769E+01
 3.05991124459646E+00 -2.77451166708686E+01
 3.06619442990364E+00 -2.84255684678004E+01
 3.07247761521082E+00 -2.91666694033288E+01
 3.07876080051800E+00 -2.99799725984226E+01
 3.08504398582518E+00 -3.08806914065158E+01
 3.09132717113236E+00 -3.18894300905961E+01
 3.09761035643954E+00 -3.30350762393582E+01
 3.10389354174672E+00 -3.43599379535745E+01
 3.11017672705390E+00 -3.59296072493216E+01
 3.11645991236108E+00 -3.78539700807177E+01
 3.12274309766825E+00 -4.03390253262406E+01
 3.12902628297543E+00 -4.38472487109275E+01
 3.13530946828261E+00 -4.98543642684803E+01
 3.14159265358979E+00 -3.13071195490540E+02
 3.14787583889697E+00 -4.98277468929003E+01
 3.15415902420415E+00 -4.37940134725088E+01
 3.16044220951133E+00 -4.02591712504270E+01
 3.16672539481851E+00 -3.77474957055752E+01
 3.17300858012569E+00 -3.57965106254205E+01
 3.17929176543287E+00 -3.42002166438305E+01
 3.18557495074005E+00 -3.28487273188345E+01
 3.19185813604723E+00 -3.16764501462655E+01
 3.19814132135441E+00 -3.06410765369831E+01
 3.20442450666159E+00 -2.97137184136075E+01
 3.21070769196877E+00 -2.88737710241084E+01
 3.21699087727595E+00 -2.81060205256123E+01
 3.22327406258313E+00 -2.73989133072737E+01
 3.22955724789031E+00 -2.67434685182819E+01
 3.23584043319749E+00 -2.61325666868912E+01
 3.24212361850467E+00 -2.55604683969739E+01
 3.24840680381185E+00 -2.50224791408127E+01
 3.25468998911903E+00 -2.45147101131087E+01
 3.26097317442621E+00 -2.40339037657668E+01
 3.26725635973339E+00 -2.35773041603981E+01
 3.27353954504056E+00 -2.31425589854101E+01
 3.27982273034774E+00 -2.27276443879439E+01
 3.28610591565492E+00 -2.23308065285229E+01
 3.29238910096210E+00 -2.19505155835668E+01
 3.29867228626928E+00 -2.15854291439061E+01
 3.30495547157646E+00 -2.12343627962105E+01
 3.31123865688364E+00 -2.08962662594751E+01
 3.31752184219082E+00 -2.05702038634954E+01
 3.32380502749800E+00 -2.02553384544906E+01
 3.33008821280518E+00 -1.99509180303045E+01
 3.33637139811236E+00 -1.96562645678432E+01
 3.34265458341954E+00 -1.93707646249066E+01
 3.34893776872672E+00 -1.90938613886353E+01
 3.35522095403390E+00 -1.88250479113265E+01
 3.36150413934108E+00 -1.85638613270113E+01
 3.36778732464826E+00 -1.83098778829445E+01
 3.37407050995544E+00 -1.80627086519860E+01
 3.38035369526262E+00 -1.78219958168816E+01
 3.38663688056980E+00 -1.75874094372777E+01
 3.39292006587698E+00 -1.73586446261130E+01
 3.39920325118416E+00 -1.71354190747167E+01
 3.40548643649134E+00 -1.69174708761784E+01
 3.41176962179852E+00 -1.67045566048659E+01
 3.41805280710570E+00 -1.64964496167496E+01
 3.42433599241287E+00 -1.62929385407512E+01
 3.43061917772005E+00 -1.60938259359193E+01
 3.43690236302723E+00 -1.58989270930301E+01
 3.44318554833441E+00 -1.57080689623626E+01
 3.44946873364159E+00 -1.55210891920368E+01
 3.45575191894877E+00 -1.53378352635099E+01
 3.46203510425595E+00 -1.51581637126826E+01
 3.46831828956313E+00 -1.49819394266415E+01
 3.47460147487031E+00 -1.48090350073887E+01
 3.48088466017749E+00 -1.46393301950480E+01
 3.48716784548467E+00 -1.44727113439946E+01
 3.49345103079185E+00 -1.43090709461888E+01
 3.49973421609903E+00 -1.41483071966982E+01
 3.50601740140621E+00 -1.39903235970058E+01
 3.51230058671339E+00 -1.38350285922285E+01
 3.51858377202057E+00 -1.36823352388238E+01
 3.52486695732775E+00 -1.35321608997640E+01
 3.53115014263493E+00 -1.33844269644939E+01
 3.53743332794211E+00 -1.32390585912953E+01
 3.54371651324929E+00 -1.30959844699396E+01
 3.54999969855647E+00 -1.29551366027409E+01
 3.55628288386365E+00 -1.28164501023244E+01
 3.56256606917083E+00 -1.26798630046009E+01
 3.56884925447801E+00 -1.25453160955966E+01
 3.57513243978518E+00 -1.24127527509240E+01
 3.58141562509236E+00 -1.22821187868015E+01
 3.58769881039954E+00 -1.21533623216409E+01
 3.59398199570672E+00 -1.20264336473134E+01
 3.60026518101390E+00 -1.19012851092951E+01
 3.60654836632108E+00 -1.17778709949658E+01
 3.61283155162826E+00 -1.16561474294046E+01
 3.61911473693544E+00 -1.15360722780872E+01
 3.62539792224262E+00 -1.14176050559427E+01
 3.63168110754980E+00 -1.13007068422775E+01
 3.63796429285698E+00 -1.11853402011187E+01
 3.64424747816416E+00 -1.10714691065673E+01
 3.65053066347134E+00 -1.09590588727873E+01
 3.65681384877852E+00 -1.08480760882903E+01
 3.66309703408570E+00 -1.07384885542032E+01
 3.66938021939288E+00 -1.06302652262318E+01
 3.67566340470006E+00 -1.05233761600585E+01
 3.68194659000724E+00 -1.04177924599333E+01
 3.68822977531442E+00 -1.03134862302360E+01
 3.69451296062160E+00 -1.02104305298067E+01
 3.70079614592878E+00 -1.01085993288556E+01
 3.70707933123596E+00 -1.00079674682806E+01
 3.71336251654314E+00 -9.90851062123192E+00
 3.71964570185032E+00 -9.81020525677750E+00
 3.72592888715749E+00 -9.71302860553159E+00
 3.73221207246467E+00 -9.61695862712168E+00
 3.73849525777185E+00 -9.52197397937655E+00
 3.74477844307903E+00 -9.42805398912719E+00
 3.75106162838621E+00 -9.33517862452071E+00
 3.75734481369339E+00 -9.24332846875370E+00
 3.76362799900057E+00 -9.15248469513894E+00
 3.76991118430775E+00 -9.06262904342473E+00
 3.77619436961493E+00 -8.97374379729239E+00
 3.78247755492211E+00 -8.88581176296194E+00
 3.78876074022929E+00 -8.79881624884139E+00
 3.79504392553647E+00 -8.71274104615898E+00
 3.80132711084365E+00 -8.62757041052189E+00
 3.80761029615083E+00 -8.54328904434893E+00
 3.81389348145801E+00 -8.45988208012776E+00
 3.82017666676519E+00 -8.37733506445076E+00
 3.82645985207237E+00 -8.29563394278636E+00
 3.83274303737955E+00 -8.21476504494574E+00
 3.83902622268673E+00 -8.13471507120693E+00
 3.84530940799391E+00 -8.05547107906102E+00
 3.85159259330109E+00 -7.97702047054736E+00
 3.85787577860827E+00 -7.89935098014649E+00
 3.86415896391545E+00 -7.82245066320174E+00
 3.87044214922263E+00 -7.74630788484182E+00
 3.87672533452980E+00 -7.67091130937885E+00
 3.88300851983698E+00 -7.59624989015734E+00
 3.88929170514416E+00 -7.52231285983140E+00
 3.89557489045134E+00 -7.44908972104871E+00
 3.90185807575852E+00 -7.37657023752083E+00
 3.90814126106570E+00 -7.30474442546102E+00
 3.91442444637288E+00 -7.23360254537134E+00
 3.92070763168006E+00 -7.16313509416221E+00
 3.92699081698724E+00 -7.09333279758837E+00
 3.93327400229442E+00 -7.02418660298605E+00
 3.93955718760160E+00 -6.95568767229719E+00
 3.94584037290878E+00 -6.88782737536710E+00
 3.95212355821596E+00 -6.82059728350285E+00
 3.95840674352314E+00 -6.75398916328026E+00
 3.96468992883032E+00 -6.68799497058813E+00
 3.97097311413750E+00 -6.62260684489880E+00
 3.97725629944468E+00 -6.55781710375494E+00
 3.98353948475186E+00 -6.49361823746263E+00
 3.98982267005904E+00 -6.43000290398174E+00
 3.99610585536622E+00 -6.36696392400482E+00
 4.00238904067340E+00 -6.30449427621606E+00
 4.00867222598058E+00 -6.24258709272273E+00
 4.01495541128776E+00 -6.18123565465139E+00
 4.02123859659494E+00 -6.12043338790197E+00
 4.02752178190211E+00 -6.06017385905282E+00
 4.03380496720929E+00 -6.00045077141044E+00
 4.04008815251647E+00 -5.94125796119777E+00
 4.04637133782365E+00 -5.88258939387525E+00
 4.05265452313083E+00 -5.82443916058909E+00
 4.05893770843801E+00 -5.76680147474158E+00
 4.06522089374519E+00 -5.70967066867845E+00
 4.07150407905237E+00 -5.65304119048837E+00
 4.07778726435955E+00 -5.59690760091028E+00
 4.08407044966673E+00 -5.54126457034410E+00
 4.09035363497391E+00 -5.48610687596064E+00
 4.09663682028109E+00 -5.43142939890694E+00
 4.10292000558827E+00 -5.37722712160317E+00
 4.10920319089545E+00 -5.32349512512758E+00
 4.11548637620263E+00 -5.27022858668595E+00
 4.12176956150981E+00 -5.21742277716255E+00
 4.12805274681699E+00 -5.16507305874918E+00
 4.13433593212417E+00 -5.11317488264945E+00
 4.14061911743135E+00 -5.06172378685561E+00
 4.14690230273853E+00 -5.01071539399484E+00
 4.15318548804571E+00 -4.96014540924278E+00
 4.15946867335289E+00 -4.91000961830155E+00
 4.16575185866007E+00 -4.86030388544002E+00
 4.17203504396725E+00 -4.81102415159394E+00
 4.17831822927443E+00 -4.76216643252382E+00
 4.18460141458160E+00 -4.71372681702853E+00
 4.19088459988878E+00 -4.66570146521237E+00
 4.19716778519596E+00 -4.61808660680403E+00
 4.20345097050314E+00 -4.57087853952529E+00
 4.20973415581032E+00 -4.52407362750795E+00
 4.21601734111750E+00 -4.47766829975705E+00
 4.22230052642468E+00 -4.43165904865902E+00
 4.22858371173186E+00 -4.38604242853295E+00
 4.23486689703904E+00 -4.34081505422369E+00
 4.24115008234622E+00 -4.29597359973524E+00
 4.24743326765340E+00 -4.25151479690302E+00
 4.25371645296058E+00 -4.20743543410387E+00
 4.25999963826776E+00 -4.16373235500223E+00
 4.26628282357494E+00 -4.12040245733162E+00
 4.27256600888212E+00 -4.07744269170990E+00
 4.27884919418930E+00 -4.03485006048750E+00
 4.28513237949648E+00 -3.99262161662724E+00
 4.29141556480366E+00 -3.95075446261499E+00
 4.29769875011084E+00 -3.90924574939992E+00
 4.30398193541802E+00 -3.86809267536350E+00
 4.31026512072520E+00 -3.82729248531633E+00
 4.31654830603238E+00 -3.78684246952184E+00
 4.32283149133956E+00 -3.74673996274608E+00
 4.32911467664673E+00 -3.70698234333264E+00
 4.33539786195391E+00 -3.66756703230211E+00
 4.34168104726109E+00 -3.62849149247511E+00
 4.34796423256827E+00 -3.58975322761823E+00
 4.35424741787545E+00 -3.55134978161224E+00
 4.36053060318263E+00 -3.51327873764171E+00
 4.36681378848981E+00 -3.47553771740559E+00
 4.37309697379699E+00 -3.43812438034787E+00
 4.37938015910417E+00 -3.40103642290801E+00
 4.38566334441135E+00 -3.36427157779014E+00
 4.39194652971853E+00 -3.32782761325092E+00
 4.39822971502571E+00 -3.29170233240514E+00
 4.40451290033289E+00 -3.25589357254861E+00
 4.41079608564007E+00 -3.22039920449806E+00
 4.41707927094725E+00 -3.18521713194718E+00
 4.42336245625443E+00 -3.15034529083860E+00
 4.42964564156161E+00 -3.11578164875122E+00
 4.43592882686879E+00 -3.08152420430250E+00
 4.44221201217597E+00 -3.04757098656524E+00
 4.44849519748315E+00 -3.01392005449839E+00
 4.45477838279033E+00 -2.98056949639165E+00
 4.46106156809751E+00 -2.94751742932321E+00
 4.46734475340469E+00 -2.91476199863057E+00
 4.47362793871187E+00 -2.88230137739372E+00
 4.47991112401905E+00 -2.85013376593066E+00
 4.48619430932622E+00 -2.81825739130469E+00
 4.49247749463340E+00 -2.78667050684321E+00
 4.49876067994058E+00 -2.75537139166780E+00
 4.50504386524776E+00 -2.72435835023509E+00
 4.51132705055494E+00 -2.69362971188824E+00
 4.51761023586212E+00 -2.66318383041881E+00
 4.52389342116930E+00 -2.63301908363851E+00
 4.53017660647648E+00 -2.60313387296076E+00
 4.53645979178366E+00 -2.57352662299180E+00
 4.54274297709084E+00 -2.54419578113089E+00
 4.54902616239802E+00 -2.51513981717959E+00
 4.55530934770520E+00 -2.48635722295976E+00
 4.56159253301238E+00 -2.45784651194005E+00
 4.56787571831956E+00 -2.42960621887071E+00
 4.57415890362674E+00 -2.40163489942641E+00
 4.58044208893392E+00 -2.37393112985697E+00
 4.58672527424110E+00 -2.34649350664573E+00
 4.59300845954828E+00 -2.31932064617536E+00
 4.59929164485546E+00 -2.29241118440091E+00
 4.60557483016264E+00 -2.26576377652998E+00
 4.61185801546982E+00 -2.23937709670979E+00
 4.61814120077700E+00 -2.21324983772087E+00
 4.62442438608418E+00 -2.18738071067743E+00
 4.63070757139136E+00 -2.16176844473400E+00
 4.63699075669853E+00 -2.13641178679836E+00
 4.64327394200571E+00 -2.11130950125050E+00
 4.64955712731289E+00 -2.08646036966751E+00
 4.65584031262007E+00 -2.06186319055422E+00
 4.66212349792725E+00 -2.03751677907948E+00
 4.66840668323443E+00 -2.01341996681794E+00
 4.67468986854161E+00 -1.98957160149712E+00
 4.68097305384879E+00 -1.96597054674976E+00
 4.68725623915597E+00 -1.94261568187126E+00
 4.69353942446315E+00 -1.91950590158205E+00
 4.69982260977033E+00 -1.89664011579482E+00
 4.70610579507751E+00 -1.87401724938655E+00
 4.71238898038469E+00 -1.85163624197506E+00
 4.71867216569187E+00 -1.82949604770012E+00
 4.72495535099905E+00 -1.80759563500899E+00
 4.73123853630623E+00 -1.78593398644618E+00
 4.73752172161341E+00 -1.76451009844753E+00
 4.74380490692059E+00 -1.74332298113823E+00
 4.75008809222777E+00 -1.72237165813501E+00
 4.75637127753495E+00 -1.70165516635210E+00
 4.76265446284213E+00 -1.68117255581110E+00
 4.76893764814931E+00 -1.66092288945456E+00
 4.77522083345649E+00 -1.64090524296319E+00
 4.78150401876367E+00 -1.62111870457662E+00
 4.78778720407085E+00 -1.60156237491771E+00
 4.79407038937802E+00 -1.58223536682018E+00
 4.80035357468520E+00 -1.56313680515962E+00
 4.80663675999238E+00 -1.54426582668772E+00
 4.81291994529956E+00 -1.52562157986972E+00
 4.81920313060674E+00 -1.50720322472489E+00
 4.82548631591392E+00 -1.48900993267015E+00
 4.83176950122110E+00 -1.47104088636654E+00
 4.83805268652828E+00 -1.45329527956873E+00
 4.84433587183546E+00 -1.43577231697725E+00
 4.85061905714264E+00 -1.41847121409359E+00
 4.85690224244982E+00 -1.40139119707792E+00
 4.86318542775700E+00 -1.38453150260959E+00
 4.86946861306418E+00 -1.36789137775011E+00
 4.87575179837136E+00 -1.35147007980876E+00
 4.88203498367854E+00 -1.33526687621066E+00
 4.88831816898572E+00 -1.31928104436728E+00
 4.89460135429290E+00 -1.30351187154931E+00
 4.90088453960008E+00 -1.28795865476189E+00
 4.90716772490726E+00 -1.27262070062215E+00
 4.91345091021444E+00 -1.25749732523891E+00
 4.91973409552162E+00 -1.24258785409464E+00
 4.92601728082880E+00 -1.22789162192954E+00
 4.93230046613598E+00 -1.21340797262770E+00
 4.93858365144315E+00 -1.19913625910534E+00
 4.94486683675034E+00 -1.18507584320104E+00
 4.95115002205751E+00 -1.17122609556796E+00
 4.95743320736469E+00 -1.15758639556797E+00
 4.96371639267187E+00 -1.14415613116771E+00
 4.96999957797905E+00 -1.13093469883643E+00
 4.97628276328623E+00 -1.11792150344570E+00
 4.98256594859341E+00 -1.10511595817092E+00
 4.98884913390059E+00 -1.09251748439445E+00
 4.99513231920777E+00 -1.08012551161063E+00
 5.00141550451495E+00 -1.06793947733226E+00
 5.00769868982213E+00 -1.05595882699894E+00
 5.01398187512931E+00 -1.04418301388679E+00
 5.02026506043649E+00 -1.03261149901995E+00
 5.02654824574367E+00 -1.02124375108345E+00
 5.03283143105085E+00 -1.01007924633773E+00
 5.03911461635803E+00 -9.99117468534525E-01
 5.04539780166521E+00 -9.88357908834299E-01
 5.05168098697239E+00 -9.77800065725032E-01
 5.05796417227957E+00 -9.67443444942439E-01
 5.06424735758675E+00 -9.57287559391553E-01
 5.07053054289393E+00 -9.47331929069637E-01
 5.07681372820111E+00 -9.37576080990429E-01
 5.08309691350829E+00 -9.28019549109671E-01
 5.08938009881547E+00 -9.18661874251893E-01
 5.09566328412264E+00 -9.09502604038465E-01
 5.10194646942982E+00 -9.00541292816831E-01
 5.10822965473700E+00 -8.91777501590971E-01
 5.11451284004418E+00 -8.83210797953014E-01
 5.12079602535136E+00 -8.74840756016014E-01
 5.12707921065854E+00 -8.66666956347836E-01
 5.13336239596572E+00 -8.58688985906171E-01
 5.13964558127290E+00 -8.50906437974619E-01
 5.14592876658008E+00 -8.43318912099844E-01
 5.15221195188726E+00 -8.35926014029782E-01
 5.15849513719444E+00 -8.28727355652849E-01
 5.16477832250162E+00 -8.21722554938195E-01
 5.17106150780880E+00 -8.14911235876911E-01
 5.17734469311598E+00 -8.08293028424220E-01
 5.18362787842316E+00 -8.01867568442628E-01
 5.18991106373034E+00 -7.95634497645988E-01
 5.19619424903752E+00 -7.89593463544502E-01
 5.20247743434470E+00 -7.83744119390612E-01
 5.20876061965188E+00 -7.78086124125771E-01
 5.21504380495906E+00 -7.72619142328095E-01
 5.22132699026624E+00 -7.67342844160855E-01
 5.22761017557342E+00 -7.62256905321810E-01
 5.23389336088060E+00 -7.57361006993349E-01
 5.24017654618777E+00 -7.52654835793467E-01
 5.24645973149496E+00 -7.48138083727496E-01
 5.25274291680213E+00 -7.43810448140643E-01
 5.25902610210931E+00 -7.39671631671271E-01
 5.26530928741649E+00 -7.35721342204942E-01
 5.27159247272367E+00 -7.31959292829182E-01
 5.27787565803085E+00 -7.28385201788981E-01
 5.28415884333803E+00 -7.24998792442998E-01
 5.29044202864521E+00 -7.21799793220453E-01
 5.29672521395239E+00 -7.18787937578722E-01
 5.30300839925957E+00 -7.15962963961576E-01
 5.30929158456675E+00 -7.13324615758111E-01
 5.31557476987393E+00 -7.10872641262302E-01
 5.32185795518111E+00 -7.08606793633196E-01
 5.32814114048829E+00 -7.06526830855745E-01
 5.33442432579547E+00 -7.04632515702227E-01
 5.34070751110265E+00 -7.02923615694291E-01
 5.34699069640983E+00 -7.01399903065584E-01
 5.35327388171701E+00 -7.00061154724956E-01
 5.35955706702419E+00 -6.98907152220239E-01
 5.36584025233137E+00 -6.97937681702589E-01
 5.37212343763855E+00 -6.97152533891364E-01
 5.37840662294573E+00 -6.96551504039564E-01
 5.38468980825291E+00 -6.96134391899773E-01
 5.39097299356009E+00 -6.95901001690648E-01
 5.39725617886726E+00 -6.95851142063899E-01
 5.40353936417444E+00 -6.95984626071783E-01
 5.40982254948162E+00 -6.96301271135081E-01
 5.41610573478880E+00 -6.96800899011563E-01
 5.42238892009598E+00 -6.97483335764931E-01
 5.42867210540316E+00 -6.98348411734213E-01
 5.43495529071034E+00 -6.99395961503634E-01
 5.44123847601752E+00 -7.00625823872918E-01
 5.44752166132470E+00 -7.02037841828038E-01
 5.45380484663188E+00 -7.03631862512400E-01
 5.46008803193906E+00 -7.05407737198438E-01
 5.46637121724624E+00 -7.07365321259643E-01
 5.47265440255342E+00 -7.09504474142984E-01
 5.47893758786060E+00 -7.11825059341733E-01
 5.48522077316778E+00 -7.14326944368685E-01
 5.49150395847496E+00 -7.17010000729762E-01
 5.49778714378214E+00 -7.19874103897986E-01
 5.50407032908932E+00 -7.22919133287834E-01
 5.51035351439650E+00 -7.26144972229941E-01
 5.51663669970368E+00 -7.29551507946170E-01
 5.52291988501086E+00 -7.33138631525020E-01
 5.52920307031804E+00 -7.36906237897380E-01
 5.53548625562522E+00 -7.40854225812614E-01
 5.54176944093239E+00 -7.44982497814971E-01
 5.54805262623958E+00 -7.49290960220318E-01
 5.55433581154675E+00 -7.53779523093185E-01
 5.56061899685393E+00 -7.58448100224108E-01
 5.56690218216111E+00 -7.63296609107281E-01
 5.57318536746829E+00 -7.68324970918498E-01
 5.57946855277547E+00 -7.73533110493375E-01
 5.58575173808265E+00 -7.78920956305865E-01
 5.59203492338983E+00 -7.84488440447021E-01
 5.59831810869701E+00 -7.90235498604054E-01
 5.60460129400419E+00 -7.96162070039634E-01
 5.61088447931137E+00 -8.02268097571442E-01
 5.61716766461855E+00 -8.08553527551984E-01
 5.62345084992573E+00 -8.15018309848633E-01
 5.62973403523291E+00 -8.21662397823910E-01
 5.63601722054009E+00 -8.28485748315994E-01
 5.64230040584727E+00 -8.35488321619453E-01
 5.64858359115445E+00 -8.42670081466195E-01
 5.65486677646163E+00 -8.50030995006617E-01
 5.66114996176881E+00 -8.57571032790981E-01
 5.66743314707599E+00 -8.65290168750959E-01
 5.67371633238317E+00 -8.73188380181394E-01
 5.67999951769035E+00 -8.81265647722229E-01
 5.68628270299753E+00 -8.89521955340630E-01
 5.69256588830471E+00 -8.97957290313269E-01
 5.69884907361188E+00 -9.06571643208789E-01
 5.70513225891906E+00 -9.15365007870416E-01
 5.71141544422624E+00 -9.24337381398728E-01
 5.71769862953342E+00 -9.33488764134595E-01
 5.72398181484060E+00 -9.42819159642223E-01
 5.73026500014778E+00 -9.52328574692376E-01
 5.73654818545496E+00 -9.62017019245695E-01
 5.74283137076214E+00 -9.71884506436171E-01
 5.74911455606932E+00 -9.81931052554707E-01
 5.75539774137650E+00 -9.92156677032823E-01
 5.76168092668368E+00 -1.00256140242645E+00
 5.76796411199086E+00 -1.01314525439981E+00
 5.77424729729804E+00 -1.02390826170945E+00
 5.78053048260522E+00 -1.03485045618825E+00
 5.78681366791240E+00 -1.04597187272967E+00
 5.79309685321958E+00 -1.05727254927192E+00
 5.79938003852676E+00 -1.06875252678230E+00
 5.80566322383394E+00 -1.08041184924154E+00
 5.81194640914112E+00 -1.09225056362826E+00
 5.81822959444830E+00 -1.10426871990342E+00
 5.82451277975548E+00 -1.11646637099484E+00
 5.83079596506266E+00 -1.12884357278175E+00
 5.83707915036984E+00 -1.14140038407938E+00
 5.84336233567702E+00 -1.15413686662359E+00
 5.84964552098420E+00 -1.16705308505545E+00
 5.85592870629137E+00 -1.18014910690588E+00
 5.86221189159855E+00 -1.19342500258034E+00
 5.86849507690573E+00 -1.20688084534339E+00
 5.87477826221291E+00 -1.22051671130336E+00
 5.88106144752009E+00 -1.23433267939692E+00
 5.88734463282727E+00 -1.24832883137369E+00
 5.89362781813445E+00 -1.26250525178076E+00
 5.89991100344163E+00 -1.27686202794722E+00
 5.90619418874881E+00 -1.29139924996856E+00
 5.91247737405599E+00 -1.30611701069115E+00
 5.91876055936317E+00 -1.32101540569654E+00
 5.92504374467035E+00 -1.33609453328570E+00
 5.93132692997753E+00 -1.35135449446327E+00
 5.93761011528471E+00 -1.36679539292162E+00
 5.94389330059189E+00 -1.38241733502488E+00
 5.95017648589907E+00 -1.39822042979283E+00
 5.95645967120625E+00 -1.41420478888473E+00
 5.96274285651343E+00 -1.43037052658295E+00
 5.96902604182061E+00 -1.44671775977655E+00
 5.97530922712779E+00 -1.46324660794469E+00
 5.98159241243497E+00 -1.47995719313989E+00
 5.98787559774215E+00 -1.49684963997115E+00
 5.99415878304933E+00 -1.51392407558686E+00
 6.00044196835651E+00 -1.53118062965765E+00
 6.00672515366368E+00 -1.54861943435889E+00
 6.01300833897086E+00 -1.56624062435319E+00
 6.01929152427804E+00 -1.58404433677252E+00
 6.02557470958522E+00 -1.60203071120023E+00
 6.03185789489240E+00 -1.62019988965280E+00
 6.03814108019958E+00 -1.63855201656140E+00
 6.04442426550676E+00 -1.65708723875316E+00
 6.05070745081394E+00 -1.67580570543218E+00
 6.05699063612112E+00 -1.69470756816038E+00
 6.06327382142830E+00 -1.71379298083791E+00
 6.06955700673548E+00 -1.73306209968340E+00
 6.07584019204266E+00 -1.75251508321388E+00
 6.08212337734984E+00 -1.77215209222436E+00
 6.08840656265702E+00 -1.79197328976713E+00
 6.09468974796420E+00 -1.81197884113068E+00
 6.10097293327138E+00 -1.83216891381830E+00
 6.10725611857856E+00 -1.85254367752636E+00
 6.11353930388574E+00 -1.87310330412212E+00
 6.11982248919292E+00 -1.89384796762125E+00
 6.12610567450010E+00 -1.91477784416489E+00
 6.13238885980728E+00 -1.93589311199634E+00
 6.13867204511446E+00 -1.95719395143728E+00
 6.14495523042164E+00 -1.97868054486358E+00
 6.15123841572882E+00 -2.00035307668064E+00
 6.15752160103600E+00 -2.02221173329831E+00
 6.16380478634317E+00 -2.04425670310517E+00
 6.17008797165035E+00 -2.06648817644257E+00
 6.17637115695753E+00 -2.08890634557785E+00
 6.18265434226471E+00 -2.11151140467729E+00
 6.18893752757189E+00 -2.13430354977832E+00
 6.19522071287907E+00 -2.15728297876131E+00
 6.20150389818625E+00 -2.18044989132064E+00
 6.20778708349343E+00 -2.20380448893526E+00
 6.21407026880061E+00 -2.22734697483864E+00
 6.22035345410779E+00 -2.25107755398798E+00
 6.22663663941497E+00 -2.27499643303289E+00
 6.23291982472215E+00 -2.29910382028330E+00
 6.23920301002933E+00 -2.32339992567670E+00
 6.24548619533651E+00 -2.34788496074470E+00
 6.25176938064369E+00 -2.37255913857883E+00
 6.25805256595087E+00 -2.39742267379552E+00
 6.26433575125805E+00 -2.42247578250044E+00
 6.27061893656523E+00 -2.44771868225191E+00
 6.27690212187241E+00 -2.47315159202352E+00
 6.28318530717959E+00 -2.49877473216600E+00
